ngister 111.

698

564 666-668. 6701. 671-676. 1 141111611616.1611661161, 269319. 361.

679-681. 611.
6111111116 11111116111663) 8. 29.
61611661. 1166616166. 626.
6111111111, johannes. 268. 286. 361.
361. 118 s. 129. 113. 163. 169.
1711. 196. 602 f. 616-621. 628.
66.

Oet-am. 6111116161, 668.

(1161116611 (Beneventanus) 662.

1111616111 adius. 1611611666, 661.

(lv-²738, 1 1111561611). Philipp, 196, 697.
64.. 5’ .

(1611111111,666111,(11611611661279-282.
2911. 296. 332-336. 121. 129.
131 1116, 1621. 163. 188, 196,
808 611 1. 618. 663 f. 669. 679.

(1661111119 2911 s. ·

(111111. 6661161, 7, 163.

(1111111116 0111116161), 1611611661, 238.
6-27.

1611161866) 166.

111111111111166 8661166161). 666111.
621. 662 fs

Panormita. 11661376.

11111116111111111116 21, 19. 66. 171.

296 398. 441. 1711.

1 368199.
i l’sesfae'nyer. Uegunhard. 4. 126⁴ 161
1 176, 3391, 391, 162. 136, 1631

172, 176, 179. 683. 633, vg! 6111.
661, 667. 676, ·

1611161166. munz. 167.

Philipp. Landgraf 1661166366. 197,
668.

1116111166 (11611111 6411111611 166
11161111611112) 179. 182 f. 612.

[1111111111 666.

1611161616. wilibald, 566. 645. 666.
666.

1661611111 S. 6161611113.

Placentinus (Johannes 1116611111 26.
166.

1 1616111111, 6161111166672.

matina (1161·111111616666 8116661) 6. 24:
113. 121. 233. 632.

Pla-tener (1116166611Ξ 11161666, 662.

1411111 (placenta). udwig. 608.

Poffiqiem. 1161666666, 671.

1661161116. Angelus 132. 386. 616.

Polydorus, 1161116629.

1 6611161166 632.

1661111116, ,1611661166161166 76. 383.

16111116· (Pub, 8666, ,1116111 11611
1666666666 ml.. 3 Α. 1. und
,16616661111292 f. 107 1. 413-116.

16ηωωη6ω6
6666Μ666

112. 116-169, 166. 168. 162.
1791761. 179. 182. 187 f. 191.

Paulus (11611611). 6611161616111. 12. 4 494 4·, 4944ῗᾷ244· 5443· 4144· 2444·
mffimwffimffmmmfflmffl

6721. 683, 686.
1611116, 16116616611161116611. 501.

666, 676, 668, vgl. 2ῖ8.
1616111166. 1161616611 166. 121.
1111111111, 61161666, 176, 191.
1411111111 (Peter 8661666111 39.

666. 6766721176, :ow-531. 683.
686. 688.

Pyrrhus (16616(1661116166 Burrhus
Τ666111) 96. 219 1. 216. 226 f.

1 233, 239 f. 272-271. 281. 288.
97, 1

313. 316. 322. 317, 366. 386388 1.

1119, 117, 120, 1211, 1321: 133, . 392. 179. 186-187, 621. 616.

666166616161
mmmmffimmffi

246. 262, 266. 281, 281. 288ψ296.
361 1. 366, 313. 316, 317. 326.
329, 332, 336-338, 3121. 316.
318-361), 366, 366, 377, 379.

3961. 393, 1112, 111 1. 118, 122. 1

666. 673 632.

(jueslenlnvy. 31111161. 611.

1111111. 1111111111 1116, (6616663161 139.

1Ῑ1. 177. 198 266. 2681386119,

161. 163. 166. 171 s. 192. 196. Ravenna. 16161· 166, 39.
618, 631. 663. 666, 668, 663, 16111611111111111116,,161161116666112
673-676. 679, 692-696, 6681. ζ 1111111161. 1116111166 und 1611661166,

6121. 618. 631, 631-637. 639, 1

1 1161111161, 1611661166, 1, 65. 88. 100
1611116961, 11661611. 2811, 319, 636 1. ’

611-613. 662.
’ 613. 664.

203123. 162. 632.
2111, 2621. 266. 2681. 280. 29

’ 301, 313. 322. 328. 336 347-1

 

