Register 111. ¹ 689

05516555, Ambrosius, 208, 1 Demea! 558. ⁴
0715ιαὶ255555,41561οεί552443911. menum (Titus Marius) 277. 29.
05155555551555655, 624. 6621, 666, 1 322. 345. 362-364, 372-374.
05555555535555555.189, 1 391). 402. 453. 462. 469. 471.
55555. Lorenz. 574. 1 455. 55, 51. 555. 555 s. 512.
campoqus s. Pyrrhus. . 530. 543. 551. 554. 556-558.
055115, Wolfgang Fabricius, 658. 663, 1 Diuus 11555115515227.
0555555351]5555525734243245111, 1)5555551·,11156 von. 489, 533,
Carteromaelms, Scipio. 36. 452 1 165555. ,1555656
(5155555535655555 Maria, 153, 1 Dopleer, 111555, 341.

&Mariua 75555555, 646. 0551551, Nikolaus. 418.

051155, Konrad, 632. 655. Draco (Drach).10hannes‚ 642. 654.
Commodius 63. 41) f. , 666.

(5511555518. ’ 165555. Canidius, 244. 636.
Cerberus (valentinJungomnann aus 1 Drusus s. Vulcanus.

Zerbst) 170. 173, 257. 2901326. 05115 211. 267. 563. 573.

431 1494, 565. ³ 05155. 1155555. 213, 230, 254151.
Chaleomlym Demetrius. 136. , 11555555.
01556559151558515651115]·5.311. ¹ Duram! (8555515155). wilhelm. 7.
chrysostomus 298. 1 356.
05195155ιί75, Hieronymus, 546, ⁴ 1555555 5355555501.
(1115515555. 1565555433.

Codrus Urceus.A11t0n,maa-2159. Ε·

(5155551555 86155) 222. . 155155555155654.

Conon (11555) 483. 559. ’ 8556551565515, 348. Frau: 361. 263.
Cardu& Ruricius, 294. 323-325. Kiudor: 1) 11515515111191. 138.

327. 346. 348, 355. 472. 497. 171) 1. 226 1. 234. 2411244261.

566 511 f. 521 1 525 1. 530. 263. 265, 268. 271. 273. 284304,

537. 5401. 546. 553, 567. 571. ᾗ 309. 313 1, 348. 390. 3961. 419.

5811. 640, 642. 666, ’ 4231, 441. 462, 475. 484. 4921.
corsuum 648. 1 555, 531. 555, 563. 55, 573-575.
(155555, Philipp. 269, 356. ! 597. 21 Potor s. I’etrejus. 3)
(bn-tesius, Paul. 301, 321. 3921. , Schwoster der Vorigen 260 1.
0511155 s, Lotins. 265.

(6115 s. 8515555519. Ι Ebernwt'n. 11011111cl1‚ 642.

(5561. Adam. 623. 647. 6501. 662. ι 69551155.1511555553556515.3901.
(555556. Lukas. 246, 642. &manuel 138. 288. 349, 633.
(1565555 (65515555) 211, 565, 5721. Eum, llioronymus, 221.

(5151155. Peter, 334. 384. 615, 1 Humanam, 1111551555206235257.
1 frocus, 11511551. 609. 616. 615. 1 277 1. 280-283. 289 1, 306309,
(Iratus (1555155. Jiiger). ,101121111ws. : 322. 336. 390, 395-397, 403.

70. 95, 113. 117. 121. 125-130. 4691. 479, 4814834854871.

138, 144. 149. 151. 165. 223 233, 498. 5021. 508. 5121. 524. 546.

248. 256-259. 261. 287 . 292. 296, 554. 559. 572 1, 581 1.

3112, 309-311. 317. 329, 334. 1519155715. 15555555. 95. 230. 237.

3501377 380-383. 385-387. 286. 435. 4781. 481. 509. 515.

390. 397. 4111, 406, 4131. 421. 535. 633.

4215. 438 1. 473, 527. 532-534. 1551551555, [lessus.

537, 539, 541-544, 5501, 585, 0 Equieola. Namusa-1901.

59111. 593-595. 597-599, 607. 8555155, basiam-ius. 1261482113,

6321. 635, 647, 6411, 656, 661 1'. 328. 334, 356. 380, 332. 335. 401.
croy. 55155 55, ‹aas› , . 4551155511. 5451, 546. 555,
1155355 63. · 564 566, 570. 572. 599. 601. 610,

616-619. 621-623. 641. 643, 647.
⁰· 3 555-554. 5561555555.
051155, Augusn'n. 26. 1 15156556 331. 393.
55555155. 5. suppl. 1x. 55

 

