'-

Rogister l.

3303 3333 3333333 313 3 333 333Ι

3313 3333 333 340 313! 3444 354 , 33·
3333 330 333 331 334 343Ι 355 ‘
333 '3133 334 333 315 3 3444Ι 3344

334 3334 334 3343334, 343 333 ·
333 344 343 3503313¹ 344 334 ·
33444 334 333 335 , 334, 304 353 344
333· 130 3443333 3133 34433 300 343
334 3033 333 33333 330 344 301 444
3334 334, 344 333 331 333 ,343 103
340 ¹993 301 3334333 344 33031133
343 1333 333 3133 333 3343344 3105
343 1053 333 340i 334 333 305 4 334
343333 344 444 333 343 300 103
344 1353 343 330 330 333 ζ344 434
343 . 1003 344 344· 333 344 .. 300 ς 100
340 107 4 344 113 330 333 ῃ 303 , 334
343 4444 333 3²³ 333 3 300 330 , 344
344 3 300. 333 3330 3444 ξ 330 334 343 , 343
343 300 330 333331 3344 333 331
350 3443 3444 344 :³ 333 34444 333 343
333 100 343 33:31333 333 3343, 433

353
‘354
300
256

301 334Ι 34443 335 303 3355¹ 4444
34434 3443 43 330 330 3434 433
3444“ 330 133 334; 303 334 3444
303 3373 30333331331 333 ,343
334 , 3333 3113'303} 333¹ 344 344. Ι343
3344 3444 3333 334· 3444· 344 4444 305
334 3333 300 4 334 ., 341 334 330 444
300 34433 301 3 3444 ῗ· 343 3 3444 334 ,344
301 3143 303 334 343 344 3433 3444
303 >111 313 33323443015 343 4444
303 3343 304 343, 345 330 304 4041
304 333 305 310 340 313 335 :305
300 :320 :300 :313 347 922 386 ,39ῖ
34444 330 303 351 3444 3443 344 343
303 344 303 300x 3444 334 3344 3 :333
34444 334 34444 344 35313303 333 4444
303 3 333 :3111335;:-3513333 330 3444
3444 4 344344 , 343 :353 333 N 331 , 344

¹ 0340013101131031 101· zwei 1¹0100hie1l000 Stficke.

353 34444· 343 3343 334 34444 3443. 4344

 

