Register 111.

7777771777777'77'777 61

,1911111111 (3111111511), 1111111. 512.

,11111111111811111111111386

31111111, 217.

,577-7777, 3011111111· 1011, 142, 015,
640 646. 656. 660

,0111111111 1101191119, 41.

11151. 1611111011 1,0111 5351 541). 1

553, 560-563 567. 577

31191111111111011111011 311 111111 101
011121) 12 ,463 508, 553.

,1·1111111111118. 135 137.

31111111, 1111011111, (0151111101) 3881.
402.

3101111519 375.

3101111511, Η11110, 484.

5111111111, 1011011011. 656.

311111, Matthaeus. 413-421.

311111, 1111119665. 667.

311111. Eberhard. 641. 647.

3101111111, 1110111111011, 501. 518
*521 524. 540. 5601, 5111. 577.

Τ.

1111111111,,10111111111 81111111· 1011)
15 38. 23 1 442,

11111111111111 (11111111111111111851. 1274.

111111111111313,

Τ1111111.,111111111111, 263. 418. 554.

1111111.1’11111111111·,00 2301 641,

1111111111,1111111111.

'5777777‘77 0191111111 635.

1111110111111111, 73.30. 333. 3¹38. 377.
Τι”111111111111111111111111 80111111) 83. 234.
320. 3221. 11--3113101, 3311.
317 1. 344-348. 355. 377. 393 f.
467. 474. 5401. 545, 518. 550,
553. 555,

1111111011, 1111111111. 651. 653.
1519111131.. ,1011111111153
1519111111 191.

11·(191111111111, 61019, 417. 642,
1111111111,1111111111, 68. 34 s. ⁸385.)
623. 632.

1111115111, 1111911111, 625.

1111111511, 5111101111, 39. 5.'7. 3481.
350. 366 626. 636. 655 7.
11·(111111266.

695
0.

51111111· 377777777777 136

71'·.75577 80111111, (11.1111111111 von
1111)) (l)bb 589 632. 534 537 6401.

11111, 8115111101 1011111111, 211.
111238. 351. 403. 406.

7 11119111. Β111110101111111, 620

51111119, 3119111111, 251. 421. 426.

11111111111111191631,

11111151111702301191. 1111611111,
1'7777777'77777 395. 633.

111111111111110111111116ἴ11113..
328. 4151. 1512.
1’191,111 11111111,111417. ,
7777'77777777131. 217
11111111111111 1111111 1111111111, 138.
171 193. 615,
1011111110111111)3101011811. 125,
2512117290. 366 374 376. 481.
498. 503. 5061. 7530. 543. 551.
554. 556-558. 565. 575.
1111111111 11111111 416, 427. 432.

442. 4481, 452. 478. 431. 517.
557, 566. w

11111111, 1111111111, 516,

1111101111, 8161111111, 159.

77'77'77. Kourad, 284. 231. 451.

11111111 (6110111111), 1011111111. 249.
268. 321. 331.

111111,101111111011·,011 ’·178,

11111, ,lohannes 11111 der. 6431,

11111111111111911111).

1511111101 95 198. 632,

77'777777777 1101 111111111111191111011
Hessen. 197. 527.

111111111111.1111·1111111111111119111
1311 11111101, 1‘39. 1611361479,
5

11 11119111 1111 9 J 11011 101 ,1.73 189 625.

1111111111 77'017 1011, 23·1,

111111, 111011113311. 64 100108.
166-168. 174, 191, 621. 626 -628,
6301. 1111111111 ,111111111626

Ζ.

11·1··11[1111,,11111111, 11, 1111111111 41 5111111111, 1111111005.

76, 2671. 326 3314116. 4441. 481

11111111111111. 1111111111,

21111111 1,’·111111,189.622 611, 1117.

543 7 653 657.

1111191111,111·1101111·,01 253 ,1111 7111111111 (1110111011) 328. 356.

379. 386- 388. 400 410.

2119111, 11111111. 241. 266,

7111111111130111111111,(1110111103130 111111 579

655.

1 Zona-rius 179, 20111111 481.

 

