Ι
4
ἱ -
ι

4494 Register 111.

366-3644. 375, 378-382, 384 . 3511554,4ζ“4515454, 170.

Ι 386-333. 395. 399-401, 404- ’ 35154155 (3561153565514455445, 1334.
406. 410 4. 413 4.Ι 426. 434 4. 433. 4 220, 229. 237. 246-248. 260. 277 f.
445. 4511464475, 4442. 497-430, 303. 322. 3434. 345. 360. 402.
504. 50412514. 513 4, 543, 546 4, 4113. 423. 436. 433. 440 4. 463.
562. 571, 5931. 640. 4412 4. 643, ξ 455. 453. 462. 469 4. 472. 476.
626. 636 4. 639. 643-046. 654 s. 4 479. 435. 439. 491.494.493-500.
151 6641 555. 521. Neffo: 555 55545.

Reum, Κ11155, 99. 493 4. 498. 500.

44455555, 1151554515 2421. 263. 234. 3155515455. 45655555, 244. 342.
303344. 334146551555). 413. 3545511555, 256.

510. 523 f. 557, 534 593, 3515555 133.

141555 1555. 555 555555. 55, 451. 515.

Rhenanus. Beatus. 620-623. 643. 351554,1455555555366.
65414453- , 3515554555, 05555, 205.

11151555, 5555 coenus. 611. 5555, 555515 de. 261.

ΗΕΒ-44445 ⁸ 5551555555. 240. 347. 366.
> 574555, 65655555. 339 f. 3521. 35551515, 3551455455. 233. 345. 324.
¹9¹· 4443· Simius lV.‚ 145554, 505

41515555555555 474. 5 5455415, Judocus, 131.

R& 4444441141] 20. 4 35615515456, 434. 6961637.
4644446504. ‚ , 56515155, Marianus, 622. Η

44554554 259, 300. 4515514 von 14.. 4 3555555455. 45655555, 1155414555.
4444 ,44444 4444449414, 344. 4 (sigillifer) seit 1512115ῐί55555554.

445745 545.μ . 4 24, 02. 1444-465, 173222 4. 223.

14555556 257. 232, 566. ξ 234-235. 237-239. 244, 2571,

14555555, 54551555, 644. 2671. 274. 276. 279--204, 235.

4454556555, 44515555, 207. 233, 2041. 347. 326. 334 f. 334.

4454555545 689. ·. 337, 343 3644 372 f. 334, 413.

45551555 1155554. 535. 45145555 536. : 429, 434 f. 463. 4641. 476. 4644.
1515555 507. 510. Ι ² 495. 502. 5044. 510663 573. 575.

1415445544, 1115555555, 664. 1 6041. 634. ,156555551 3555555155

1455555.. 1455551144. 4² 11. 21. 30. ¹ 455 ,1555515 347, 321. 323. 3644.
41155. 8111. 115Ι 121. 1641. 5551555551, 55. 145. 5541.
163. 153. 179. 196 4. 207. 220. 320361366390393307.

, 244444· 4444· 4444444- 4744· 54444· 44344· 55515415. 05515. 0-12. 14-22. 24.

145455 362. 364. 4474734413, 574. 1 ⁸25, 314, 34-37, 44-43. 45-49,

555·ἰ 5555, 555. 55-55. 55, 4 ,55 ,5, 54-5). 5555, 55-75.
1

S ς 132. 434. 133. 140-446. 154 4.

3565141555. 4155455 Antonius. 334, 3 162 4, 16516441. 171. 170. 138.
355655, 45451). 354. 413451155555 1 1442- 1447. 2064044. '21⁸2- ‘223 4.

24444- 242. 247 f. 2661. 258 s. 261. 267.
5515555259. 344, · 272. 236-289 234 4. 343 f. 322.
3544555555. ,15055555 433. 219, . 3344 s. 342. 350. 364-364, 372.

257. 277. 435. 444. 515. 380. 304. 411. 414. 447. 422.
35555555. 1155545511455. ; 424. 42414, 430. 442, 444, 453.
445555. stan-smus, 320, 543, 463. 409. 471. 473, 476400 435,
36551455, 14515551. 35. 327, 537 f. . 5443, 500, 521. 523630. 541540,

541). ’ 555. 555, 555-555. 55. 555

6715545, smmum„ 604. 0644-660, 663. 064. 666, 14155451·
”w 1455551, 346 34444. 391. 3413. 35515155 120. 2044 4. 212. 247.
455, 555, 55, 455. 551. 535. 1 555, 55, 555 f. 535, 555.

35565, 451456, 654.
Heinrich, 364 1. 426. 355555415156, 347. 306. 390.

 

