1100

1115015016). 328. 356. 366. 417.
432-434. 437. 444-446. 443,
512. 632.

1111510111ιο 475.

Fabri. Α41111111. 390.

Fabri. ,10511111104418

211011, Βο1111111111·,8,20. 1411. 163.

Pausi, 600111. 380.

Femel (F emilius), Johannos. 355. 553.

Heln-us, 1101511101. 93. 175. 616. 1

8111111110111111111111111111. Nikolaus. 21.
345. 354. 406. 4335681. 5611, 5811.

1011111111. 1011011001. 116. 385 1.

1140361010 11111111 11111101 1101011111101011

1711111575.

111111111111111. 1111011. s. 11111111.

Frank. Georg. 61 .

1101110116011. ,1011001101 Enunorich
von, 238. 267-263. 3511, 433.

1111111111. otto 1011. 655.

111111111611111 160111». 1111115111. 11111
8001110111 20. 33 1. 42. 45, 51.
63. 851. 1161. 126. 128. 132.
142. 207. 225 f. 232. 283. 286.
231. 3161. 323. 382. 422. 442.
463, 623. 636-6311. 646. 654.
61181. 662-667.

5111151011. 6000110111111 1011 1111111-
511111011111110. 33. 261-263 218.
247. 256. 2711. 283. 21111. 326 331.

1101110239. 23114611, 521. 528.

1111111. 11111011, 193.

111111. ‚Iohannes 656.

51111911· 23 f. 44 4. 47, 555.

1101111111, 1111111161), 644.

(1111111, 1011011010. 244. 374-376, 1

402. 568.
111111111101111111101. 158.

(1101ζο, 11011111Γ 111118110111111. 73. 31611. 1

11101ζο 11111 160110111111111011 426.
(1111111 598.

(1101110101 34111.

Glareanus, 1101011111 1111111. 347.

11111110, 1101101111. 73. 84 s. 125. 157.
162. 1721, 222. 2311-232. 241.
267. 326. 333. 341. 412. 417. 422.

42111. 463. 475. 11511.
(1011111511 276.
1101101111. 3110111114218.
‘baem 11111110, 351 1. 434.
’611111101·1’01·..101111111101. 641. 664.
11111111. Cremna.

Register 111.

(1111101101 8. ungenannt} 504. 513.
5411563. 57.

(ireseum-ml. 4050011011, 655.

(1151101100, 5001101001, 5114.

1110111119. 11011111, 644.

k (1111511. 7011110113. 257.

1 111111111160011011, 113.
(1110115001, Philipp. 3411.
(1111111101 1011801111011111111 385. 424.

1 Η. ὗ

1101111. 1311111101, 616.

1101611111Ι s. 0111110111.

“ 1101111, Friedrich. 654.

1 1101111110315121. 528. 573.

1 111110 1,

71011111011111011 1111056011. 11111 11111
fulda. 9. 133, 253. 273. 286. 300.
302. 303-312. 343. 3801. 383.

; 386. 4114. 466. 421. 426. 565-507.
1 511111. 515, 519. 521 11127. 53).
1 1132-537. 556. 568.

1101111110, 3011001101. 85. 121. 221 1.
266. 2641 s.

1101111110 462. 476. 562.

1 Hom. 8011111011. 503.
l 10111111. Peter. 11111.

11011111111668. 619. 646. 6511.

1 11111110111111. 1100111 111111 110111111111100.
113. 531. 1132.

1 1511111111 ‹nonianus› 41 67. 218.

1 1401110111 s. 5101111111.

ἕ 1111111101111111 62.

“ 1111111010111·[1111601111 143. 189. 615.

, 11011110110111111, (100111. 643.
1101160111, 1011011100, 2115. 4113.
1101111111 (Hirschfeld), 8011160111. 428.

1 436, 438. 446. 463, 637 653, 664

[7111110. 11011111Ι 1106011111, 68, 8535.
11111. 114. 116 1. 123, 123. 1321.
1311, 148. 1511. 165. 262. 344.
375. 434. 4611-463. 4721475.

ζ 473. 484-486. 4861. 435-502.

51181, 512. 521. 524. 526-528.

1 536-534. 536-551. 553558

1 564. 5116. 576 s. 5861. 584.

' 5311-537. 615. 621. 623-634,

637-6411, 641 1. 645. 647. 6112.
6644167.
nessus, .101ι1111110.1.411 1. 469.
1411101111111111 42 1.
111111. 8100611111. 233, 244. 267 s.
1111591111 36.
111101111111101. 11111011 1011. 464. 4111.
, 413. 434. 544.

 

