Regina 1. 669

 

85 146 120 307 157 ’ 336 192 299
84 1501 121 309 153 1 345 193 2 93
85 151 122 313, 159 = 303Ὶ 194 221
36 1 1311ἰ 123 217 0 ¹50. ¹ 1251 1 ιξξ , 28Ξ
{g 17¹2ss 1 1Ξὲ ’ ξῗὲ ,j 161 ἐκ 1 197 94
151311 1201 314 ¹¹⁶⁵} 3151 133 ff
1 v 127 - 1 ’ *01 ,
91 95 ’ 1211 319. 1114 , 330¹ 200 390
92 ’ 99 120 320¹ 165 354 1 201 · 117
93 115 130 317 1011 3551 202 183
941 116 131 , 3181 1117 353 203 184

Ξ

. 148 132 321 1 103 352 1 204 153
90 133 1 133 , 323 109 359 1 205 173
97 901 1341 111311’1υ131“»(1ῑ206Ι 170
93 1111= 135 1451 171 3521 207 · 172
99 100Ἰ ¹36. 1441 172 363, 208 174
100 139 . 11118 173 3081 209 177
101 1 32511 137 135 , 174 , 3531 210 191
102 435 133 , 110 1, 175 · 3571 211 Ι 159
¹03. 1 1130 , 139 99 1 17ss 365 1 212 179
113131 1 131ὶ 1 13

131 ¹ 142 119 1 178 249 ¹= 215 180
1401. 143 329 ν 179 304 219 ¹ 183
1 141 144 1 106, 130 1 29711 217 181
> 155 145 1 915¹ 131 , 302¹ 2111 170
15411 1411 111< ξ 182 ’ 3051 219 189
153 147 1141 183 2341 220 179
132· 143 ; 73 1134 248 221 192
, 121 149, 127 135 203Ἰ 222 = 139
419⁴ 150 ¹ 144 1 1311 301 223 194
, 91 151 · 137 1 238 224 185
123 152 - 225¹ 193
25; 153 139 291 2211 195
104 ¹, 154 ¹ , : 1 190 273 227 1114
- 1111 1551345 191. 1243 228 228
122 1511 1 344 1 , 1245 · 229 220

   
    
  
      
 
  
   
   
   

 

 

 

 

 

Δ . ⁷ ,Nn-111 augona-011: oum-1110„
·1v dorlivuehliniwhe 011».

 

g ..mn ssnerw, κῃ. -
,2. Aug. 1513. ⁸3¹- s, :107

