Register 1.

Rogistor 1.

Die Nummern des Frankfurter Codex nach
der Ordnung unserer Sammlung.

1Λ ; Nummern 993 309, Β = Nummern 99· Sannnlung.)

..v-—

ΤΠΤΤΤΠ113

-——-—--—-—. .-.-—

ῇΤ-Ἳψῆ ἡμή-ψ,
11111 31 111 33
11111411411111111143
111411Ι 311111 1111 1111
134 4..3 ’111 11111

113 111311 19

14 14411 1114 37 73
,1311 33 43 11 33 33
33 99 7919 111111 ·
11446 39 2’70 33

3441114141 11161
3133 111 33 72 39
92'23== 324 38 393 73 33
13111,11113113 41111 39
11 11 31; '33939 37¹ 973 31
131111 131-1111

41 33 33 ·1 33131 11 13
,17 13 3744313745 78187
1113133111311111111
19 11 39 111 39 3 39 31
99 111 11 33 111 13 31 11
11 ,11 11 17 91 31 31 39

2
3
4
5
6
7
8

92
104138

¹ 1111111311 11113114141143113 81614111, ²Wiederholt sich fiir 111·θί
9939999919 8461411.

 

