Regi-§er 1. 071

392 1 417 425 1 430 458 ’1 157 491 ’ 500
395 3911 420 1 437 4119 101 492 502
304 399 = 427 ³ 438 400 407 1 493 501

 

395 400 , 428 447 461 464 Ἰ 494 498
396 401 ,1 429 444 462 465 1 495 503
397 402 ¹ 430 441 403 468 , 496 504
398 , 403 431 443 464 ζ 469 ¹ 497 499

399 ¹ 418 {¹ 432 ι 440 455 470 490 510
400 1 404 433 1 443, 400 , 471 499 511
401 1 412 s 434 1 4501 457 472 ¹1 500 , 400
402 1 41011 435 ¹ 4491} 438 470 501 483
403 1 414 430 452 409 1 4751 502 500
404 410 437 370 ,, 470 479¹ 503 512
405 413 1 438
400 424 439 1
407 , 431 , 440 1
408 1 427 ; 441 1
409 ¹ 420 442 ’ .
410 , 34211 443 ¹ 4511 470 1 483 509 505
411 1 415’ 444 1 440 477 480 ,1 510 515
412 421 445 439 478 4771 511 510
413 1 405 440 1 440 479 4851 512 517
414 1 429] 447 1 450 490 486 513 1 518
415 425 E} 448 1 1421, 431 437, 514 520
410 ¹ 4201 449 ¹ 4591 482 489 1, 515 521
417 1 422 , 450 1 400 483 490. 516 523
418 403 451 402.(41ῑ4)’ 492 517 522
410 420 = 452 401 485 491 518 519
420 430 453 1 458 430 493 519 524
421 423 454 403 487 , 490 520 520
422 432 455 ; 457· 483 495 ,. ,’1525
4231 1 433 450 “ 102 4311 494 ‘¹2¹ 1484
424 1 434 457 , 147 490 Α 497 522 1 527

4551 471 1 473
453; 472 1 481 505 1 501
4541 473 1 474 500 1 514
44211 474 478 , 507 508
143 475 482¹ 508 509

504 51}

 

 

· 11111710. 1111111 1111- 211101- 431Α ..m
Unanlvgvholnlv ΧΓ, 1115 zwei summ-

 
  

vmxnnen, ‹lngcgon «mr-5111

1h1· . ¹ ΕπΙΙιΞὶΙι zwni Sffivkn.

